BOARD -1.609478, 4.852117, 2.316586
SQUARE_SPACE BOARD_LOCAL
BOX -2.038076, -5.719420, 2.522870
CAMERA -0.967126, 48.647911, 0.808066 FOVY 1.256637 ASPECT1.777777

A1 -4.129540, 4.900000, -6.499246
A2 -4.129540, 4.900000, -5.219247
A3-4.129540, 4.900000, -3.939248
A4 -4.129540, 4.900000, -2.723248
A5 -4.129540, 4.900000, -1.443249
A6 -4.129540, 4.900000, -0.227248
A7 -4.129540, 4.900000, 1.052752
A8 -4.129540, 4.900000, 2.332752

B1 -2.813484, 4.900000, -6.499248
B2 -2.813484, 4.900000, -5.155248
B3 -2.813484, 4.900000, -3.939248
B4 -2.813484, 4.900000, -2.723248
B5 -2.813484, 4.900000, -1.443249
B6 -2.813484, 4.900000, -0.227249
B7 -2.813484, 4.900000, 1.052752
B8 -2.813484, 4.900000, 2.332752

C1 -1.597479, 4.900000, -6.499248
C2 -1.597479, 4.900000, -5.219248
C3 -1.597479, 4.900000, -3.979852
C4 -1.597479, 4.900000, -2.699853
C5 -1.597479, 4.900000, -1.445385
C6 -1.597479, 4.900000, -0.165385
C7 -1.597479, 4.900000, 1.050615
C8 -1.597479, 4.900000, 2.330615

D1 -0.337396, 4.900000, -6.493154
D2 -0.337396, 4.900000, -5.213155
D3 -0.337396, 4.900000, -3.933155
D4 -0.337396, 4.900000, -2.653156
D5 -0.337396, 4.900000, -1.437113
D6 -0.337396, 4.900000, -0.197992
D7 -0.337396, 4.900000, 1.018008
D8 -0.337396, 4.900000, 2.330615

E1 0.878604, 4.900000, -6.493154
E2 0.878604, 4.900000, -5.213155
E3 0.878604, 4.900000, -3.974020
E4 0.878604, 4.900000, -2.709323
E5 0.878604, 4.900000, -1.468144
E6 0.878604, 4.900000, -0.188144
E7 0.878604, 4.900000, 1.027856
E8 0.878604, 4.900000, 2.307856

F1 2.147397, 4.900000, -6.461479
F2 2.147397, 4.900000, -5.181479
F3 2.147397, 4.900000, -3.965480
F4 2.147397, 4.900000, -2.727724
F5 2.147397, 4.900000, -1.468144
F6 2.147397, 4.900000, -0.188144
F7 2.147397, 4.900000, 1.027856
F8 2.147397, 4.900000, 2.307856

G1 3.427397, 4.900000, -6.461479
G2 3.427397, 4.900000, -5.181479
G3 3.427397, 4.900000, -3.965479
G4 3.427397, 4.900000, -2.745985
G5 3.427397, 4.900000, -1.465985
G6 3.427397, 4.900000, -0.185985
G7 3.427397, 4.900000, 1.030015
G8 3.427397, 4.900000, 2.310015

H1 4.642811, 4.900000, -6.462828
H2 4.642811, 4.900000, -5.182828
H3 4.642811, 4.900000, -3.966829
H4 4.642811, 4.900000, -2.686830
H5 4.642811, 4.900000, -1.437381
H6 4.642811, 4.900000, -0.185985
H7 4.642811, 4.900000, 1.030015
H8 4.642811, 4.900000, 2.310015